11 for 8_0.cnf
[-11, 12, -13, 14]
[11, -12, -13, 14]
[11, 12, -13, -14]
[-11, 12, -13, -14]
[11, -12, -13, -14]
[11, 12, 13, 14]
[-11, 12, 13, 14]
[11, -12, 13, 14]
[11, 12, 13, -14]
[-11, 12, 13, -14]
[11, -12, 13, -14]
5 for 8_1.cnf
[-11, 12, 13, 14]
[11, -12, 13, 14]
[11, 12, 13, -14]
[-11, 12, 13, -14]
[11, -12, 13, -14]
4 for 8_2.cnf
[-11, -12, -13, 14]
[11, -12, 13, -14]
[-11, -12, 13, -14]
[-11, -12, -13, -14]
11 for 8_3.cnf
[-11, 12, 13, 14]
[11, -12, 13, 14]
[-11, -12, 13, 14]
[11, 12, -13, -14]
[-11, 12, -13, -14]
[11, -12, -13, -14]
[-11, -12, -13, -14]
[11, 12, 13, -14]
[-11, 12, 13, -14]
[11, -12, 13, -14]
[-11, -12, 13, -14]
3 for 8_4.cnf
[-11, -12, 13, 14]
[11, -12, -13, -14]
[-11, -12, -13, -14]
5 for 8_6.cnf
[-11, 12, 13, -14]
[11, 12, -13, -14]
[-11, 12, -13, -14]
[11, -12, -13, -14]
[-11, -12, -13, -14]
7 for 8_7.cnf
[-11, 12, -13, -14]
[11, -12, -13, 14]
[11, -12, 13, -14]
[-11, -12, -13, 14]
[-11, -12, 13, -14]
[11, 12, -13, 14]
[11, 12, 13, -14]
3 for 8_9.cnf
[-11, -12, 13, 14]
[-11, 12, 13, 14]
[11, 12, 13, 14]
