16 for 16_1.cnf
[23, 24, 25, 26]
[-23, 24, 25, 26]
[-23, -24, 25, 26]
[23, -24, 25, 26]
[23, 24, 25, -26]
[-23, 24, 25, -26]
[-23, -24, 25, -26]
[23, -24, 25, -26]
[23, 24, -25, 26]
[-23, 24, -25, 26]
[-23, -24, -25, 26]
[23, -24, -25, 26]
[23, 24, -25, -26]
[-23, 24, -25, -26]
[-23, -24, -25, -26]
[23, -24, -25, -26]
11 for 16_2.cnf
[23, 24, -25, 26]
[23, 24, 25, -26]
[-23, 24, -25, 26]
[-23, 24, 25, -26]
[23, -24, -25, 26]
[23, -24, 25, -26]
[-23, -24, -25, 26]
[-23, -24, 25, -26]
[-23, 24, 25, 26]
[-23, -24, 25, 26]
[23, 24, 25, 26]
8 for 16_3.cnf
[23, -24, 25, 26]
[-23, -24, 25, 26]
[23, 24, 25, 26]
[-23, 24, 25, 26]
[23, -24, -25, 26]
[-23, -24, -25, 26]
[23, -24, 25, -26]
[-23, -24, 25, -26]
6 for 16_5.cnf
[-23, -24, -25, -26]
[23, -24, -25, -26]
[-23, 24, -25, -26]
[-23, -24, 25, -26]
[23, 24, -25, -26]
[23, -24, 25, -26]
12 for 16_6.cnf
[-23, 24, -25, -26]
[-23, -24, -25, -26]
[23, 24, -25, -26]
[23, -24, -25, -26]
[-23, 24, -25, 26]
[-23, 24, 25, -26]
[-23, -24, -25, 26]
[-23, -24, 25, -26]
[23, 24, -25, 26]
[23, 24, 25, -26]
[23, -24, -25, 26]
[23, -24, 25, -26]
12 for 16_7.cnf
[23, 24, -25, 26]
[-23, 24, -25, 26]
[23, -24, -25, 26]
[23, -24, 25, 26]
[-23, -24, 25, 26]
[-23, -24, -25, 26]
[23, 24, -25, -26]
[-23, 24, -25, -26]
[23, -24, -25, -26]
[23, -24, 25, -26]
[-23, -24, 25, -26]
[-23, -24, -25, -26]
7 for 16_8.cnf
[23, -24, -25, 26]
[23, -24, 25, 26]
[-23, -24, 25, 26]
[23, -24, -25, -26]
[-23, -24, -25, 26]
[-23, -24, -25, -26]
[23, -24, 25, -26]
6 for 16_9.cnf
[23, -24, 25, -26]
[23, 24, -25, -26]
[-23, -24, -25, -26]
[23, 24, 25, -26]
[-23, -24, 25, -26]
[23, -24, -25, -26]
8 for 16_10.cnf
[23, -24, 25, -26]
[-23, -24, 25, 26]
[-23, -24, 25, -26]
[23, -24, -25, -26]
[-23, -24, -25, 26]
[-23, -24, -25, -26]
[23, -24, 25, 26]
[23, -24, -25, 26]
12 for 16_11.cnf
[23, 24, 25, -26]
[23, 24, 25, 26]
[23, 24, -25, -26]
[23, 24, -25, 26]
[23, -24, 25, -26]
[23, -24, 25, 26]
[-23, 24, -25, -26]
[-23, 24, -25, 26]
[-23, -24, 25, -26]
[-23, -24, 25, 26]
[-23, 24, 25, -26]
[-23, 24, 25, 26]
16 for 16_12.cnf
[23, -24, 25, -26]
[-23, -24, 25, -26]
[23, -24, -25, -26]
[-23, -24, -25, -26]
[23, 24, -25, -26]
[-23, 24, -25, -26]
[23, 24, 25, -26]
[-23, 24, 25, -26]
[23, -24, 25, 26]
[-23, -24, 25, 26]
[23, -24, -25, 26]
[-23, -24, -25, 26]
[23, 24, -25, 26]
[-23, 24, -25, 26]
[23, 24, 25, 26]
[-23, 24, 25, 26]
6 for 16_13.cnf
[-23, 24, 25, 26]
[-23, 24, -25, -26]
[23, 24, 25, 26]
[23, 24, -25, -26]
[-23, -24, 25, 26]
[-23, -24, -25, -26]
6 for 16_14.cnf
[23, 24, -25, 26]
[23, 24, 25, -26]
[-23, -24, -25, 26]
[-23, -24, 25, -26]
[23, 24, -25, -26]
[-23, -24, -25, -26]
3 for 16_16.cnf
[23, 24, 25, -26]
[23, -24, 25, -26]
[-23, 24, 25, -26]
12 for 16_18.cnf
[23, -24, -25, -26]
[-23, -24, -25, -26]
[23, -24, -25, 26]
[-23, -24, -25, 26]
[-23, 24, -25, -26]
[-23, -24, 25, -26]
[23, 24, -25, 26]
[-23, 24, -25, 26]
[23, -24, 25, 26]
[-23, -24, 25, 26]
[23, 24, -25, -26]
[23, -24, 25, -26]
10 for 16_19.cnf
[-23, -24, -25, -26]
[-23, -24, 25, -26]
[-23, 24, -25, -26]
[23, -24, -25, -26]
[-23, 24, 25, -26]
[23, -24, 25, -26]
[-23, -24, -25, 26]
[-23, -24, 25, 26]
[-23, 24, 25, 26]
[23, -24, 25, 26]
